84,35
3,2
3,1
3,3
10,152
10,258
10,112
10,104
10,294
10,130
10,150
10,1
10,224
10,2
10,3
11,26
11,4
11,22
11,16
11,10
11,12
11,6
83,3
11,24
83,2
83,1
83,0
82,3
9,4
82,2
9,6
82,1
82,0
66,8
8,6
66,7
66,1
8,8
8,15
8,12
8,9
66,6
65,5
65,4
65,1
62,7
62,5
62,4
62,3
62,1
61,4
61,3
61,1
60,26
60,25
60,10
60,9
60,8
60,7
60,6
60,5
60,4
60,3
60,1
58,5
58,4
58,3
58,1
57,4
57,3
57,1
56,4
56,3
56,1
55,5
55,4
55,3
55,1
54,3
54,1
53,4
53,3
53,1
52,132
52,131
52,130
52,129
52,128
52,86
52,85
52,84
52,83
52,82
52,81
52,80
52,79
52,78
52,77
52,76
52,75
52,74
52,73
52,72
52,71
52,70
52,69
52,1
52,68
20,3
20,2
20,1
19,3
19,2
19,1
18,3
18,1
14,1
14,4
14,3
13,3
13,1
